1 0
1 6
1 7
1 8
1 9
2 4
2 5
2 6
2 8
3 0
3 7
4 4
4 6
4 7
4 8
5 7
5 9
6 0
6 5
6 8
7 0
7 7
7 8
8 0
8 3
8 4
8 5
8 8
9 4
9 9
10 3
10 8
10 9
11 4
12 3
12 5
12 8
13 0
14 5
14 7
14 8
15 3
15 5
15 6
16 0
16 3
16 9
17 2
17 5
17 7
17 8
17 9
18 0
18 3
18 4
18 5
18 6
18 8
19 9
20 0
20 1
20 5
20 6
21 8
22 0
22 5
22 7
23 0
23 3
23 9
24 8
25 7
26 5
26 9
27 9
28 3
28 6
29 0
29 3
29 8
30 3
30 4
31 5
31 8
32 3
32 9
33 3
33 5
33 8
33 9
34 3
34 6
34 8
35 0
35 3
35 8
36 3
36 8
36 9
37 3
38 3
38 7
38 8
39 0
39 3
39 8
39 9
40 5
40 7
40 8
41 3
41 8
42 0
43 3
43 7
43 8
43 9
44 8
45 0
45 5
45 7
45 8
46 0
46 3
46 5
46 6
46 7
47 0
47 6
48 0
48 9
49 8
50 8
51 6
51 8
51 9
52 0
52 1
52 3
52 8
52 9
53 3
53 5
53 9
54 6
54 8
54 9
55 0
55 3
55 8
55 9
56 8
57 8
57 9
58 5
58 8
58 9
59 3
60 0
60 3
60 6
60 8
60 9
61 8
62 3
62 9
63 3
63 6
63 8
64 3
64 5
64 6
64 8
64 9
65 5
65 6
65 8
65 9
66 3
66 4
66 7
67 9
68 7
68 8
69 0
69 4
69 8
69 9
70 3
70 5
70 7
70 8
71 0
71 4
71 5
71 7
71 8
72 6
72 8
72 9
73 0
73 7
73 8
74 3
75 0
75 3
75 7
75 8
75 9
76 3
76 4
76 7
77 0
77 5
77 7
77 8
77 9
78 0
78 5
79 3
79 8
80 3
80 8
80 9
81 3
82 0
82 4
83 4
83 9
84 5
85 0
85 3
85 7
86 3
86 5
86 8
87 3
87 8
88 0
88 6
88 7
88 8
89 0
89 3
89 5
89 9
90 0
90 4
91 4
91 8
92 0
92 3
92 9
93 3
93 9
94 6
94 7
94 8
94 9
95 3
95 7
96 6
96 8
96 9
97 3
97 7
97 8
97 9
98 3
98 7
98 8
98 9
99 3
99 8
99 9
100 0
100 3
100 5
100 7
100 8
101 5
101 6
101 7
101 9
102 0
102 3
103 3
103 5
103 8
104 3
104 6
104 9
105 3
105 8
105 9
106 3
106 4
106 8
107 3
107 4
107 5
108 3
108 9
109 3
109 8
110 4
110 7
111 4
111 9
112 3
112 8
112 9
113 4
113 5
113 8
114 4
114 7
114 8
114 9
115 0
115 9
116 3
116 6
116 8
116 9
117 3
117 7
117 8
117 9
118 3
118 5
118 8
119 3
119 4
119 6
119 8
120 6
120 7
120 8
121 4
121 8
122 9
123 0
123 5
123 8
123 9
124 4
124 8
125 4
125 7
125 9
126 8
127 3
127 4
128 3
128 5
128 8
129 3
129 4
129 9
130 0
130 1
130 5
130 6
131 5
131 6
131 8
132 4
132 9
133 0
133 9
134 3
134 5
134 6
134 8
134 9
135 7
135 8
136 3
136 4
136 8
136 9
137 0
137 6
137 7
137 8
138 7
138 8
139 7
139 9
140 3
140 5
140 8
141 0
141 3
141 5
141 7
141 8
141 9
142 3
142 6
143 9
144 0
144 3
144 8
145 4
145 5
145 7
146 0
146 3
146 5
146 8
146 9
147 7
147 9
148 9
149 7
150 3
150 4
150 6
150 7
150 8
150 9
151 5
151 8
152 0
152 9
153 8
154 0
154 3
155 7
155 8
156 3
156 4
156 6
157 0
157 3
157 7
157 8
157 9
158 5
159 3
159 8
160 0
160 8
160 9
161 1
161 3
161 7
161 8
162 3
162 6
162 8
162 9
163 0
163 8
163 9
164 1
164 3
164 5
164 8
165 0
165 3
165 6
165 7
166 6
166 8
166 9
167 8
168 3
168 5
168 8
168 9
169 0
169 3
169 8
170 3
170 5
170 8
171 3
171 9
172 5
172 8
172 9
173 5
173 6
173 9
174 0
174 8
175 3
175 5
175 8
175 9
176 3
176 4
176 8
177 9
178 3
178 6
178 9
179 3
179 4
180 3
180 8
180 9
181 5
181 8
181 9
182 3
182 5
182 6
182 8
183 0
183 3
183 8
183 9
184 3
184 8
185 3
185 4
186 7
186 9
187 3
187 8
188 3
188 4
188 7
188 8
188 9
189 3
189 9
190 3
190 4
190 6
191 1
191 3
191 5
192 3
192 8
192 9
193 6
193 8
194 0
194 3
194 4
194 5
195 6
196 8
197 3
198 5
198 8
198 9
199 0
199 3
200 0
200 3
200 7
201 4
202 3
203 3
203 5
203 9
204 3
205 4
205 7
205 9
206 6
206 9
207 3
207 6
208 4
208 7
208 8
208 9
209 5
209 8
209 9
210 7
210 9
211 3
212 0
212 5
213 4
213 5
213 7
213 9
214 3
214 6
214 9
215 3
216 5
216 8
217 0
217 4
217 5
217 8
217 9
218 3
218 8
218 9
219 3
219 5
219 6
219 9
220 3
220 4
220 8
221 3
221 4
221 8
222 8
222 9
223 0
223 3
223 7
223 9
224 3
224 8
224 9
225 5
225 6
225 8
225 9
226 3
226 6
227 0
227 5
227 6
227 8
227 9
228 5
228 9
229 4
229 8
230 0
230 3
230 7
230 8
231 8
232 5
232 6
232 8
233 4
233 9
234 3
234 4
234 9
235 3
235 5
235 7
235 8
236 3
237 3
237 7
237 9
238 4
238 5
238 8
239 3
239 6
239 7
239 8
240 0
240 7
241 0
241 3
241 5
241 7
241 8
242 0
242 3
242 4
242 5
242 6
242 7
243 3
243 5
243 9
244 3
244 8
244 9
245 3
245 9
246 3
246 5
246 8
247 0
247 3
247 5
247 7
248 6
248 8
248 9
249 3
249 8
249 9
250 0
250 3
250 7
250 9
251 1
251 3
251 4
251 5
251 9
252 3
252 4
252 5
253 0
253 3
253 6
253 7
253 8
254 0
254 3
254 4
254 6
254 8
255 3
255 9
256 0
256 3
256 5
257 3
257 9
258 3
258 4
258 6
258 9
259 3
259 4
259 6
259 8
260 8
260 9
261 0
261 3
261 8
262 3
262 4
262 5
262 7
263 0
263 8
263 9
264 0
264 8
264 9
265 9
266 0
266 7
267 9
268 4
268 6
269 0
269 3
270 6
270 9
271 0
271 3
271 8
272 4
272 6
272 7
272 8
272 9
273 3
273 5
273 7
273 8
274 0
274 3
274 8
275 7
276 3
276 9
277 0
277 3
277 5
277 7
277 8
278 9
279 4
279 5
279 8
279 9
280 3
280 5
281 0
281 4
281 5
281 6
281 8
281 9
282 3
282 5
282 9
283 9
284 9
285 0
285 3
285 5
285 6
285 8
285 9
286 0
286 3
287 5
287 8
287 9
288 3
288 5
289 8
290 5
290 8
291 3
291 4
291 8
291 9
292 6
292 8
293 9
294 0
294 3
294 4
294 8
295 0
295 3
295 7
295 8
295 9
296 3
296 7
296 8
297 0
297 5
297 8
297 9
298 4
298 8
299 0
299 3
299 9
300 4
300 9
301 0
301 3
301 5
301 8
301 9
302 0
302 8
303 0
303 7
303 8
303 9
304 3
304 5
304 7
305 9
306 5
306 8
306 9
307 9
308 5
308 7
308 9
309 0
309 3
309 7
309 9
310 3
310 4
310 5
310 6
310 8
311 3
311 4
311 9
312 5
312 9
313 3
313 5
313 7
313 9
314 3
314 4
314 7
314 9
315 5
315 8
315 9
316 3
316 6
317 8
317 9
318 3
318 7
319 0
319 2
319 3
319 5
319 8
320 5
320 6
320 8
321 3
321 4
322 3
323 0
323 5
323 8
323 9
324 3
324 4
324 8
324 9
325 3
325 5
326 3
326 9
327 6
327 7
327 8
328 0
328 3
328 9
329 0
329 3
329 5
329 8
330 8
330 9
331 6
331 8
332 3
332 6
332 7
333 8
333 9
334 3
334 4
334 9
335 0
335 3
335 5
335 8
335 9
336 3
336 5
336 8
337 3
337 5
337 8
337 9
338 3
338 4
338 6
338 8
339 0
339 3
339 9
340 3
340 7
340 9
341 3
341 8
342 0
342 3
342 8
343 0
343 3
344 0
344 8
345 0
345 3
345 5
345 8
346 0
346 5
346 6
346 8
346 9
347 1
347 3
347 4
348 6
348 7
349 9
350 4
350 9
351 0
351 7
351 8
351 9
352 0
352 1
352 8
353 0
353 8
353 9
354 0
354 5
354 6
354 8
354 9
355 3
355 6
355 7
356 3
356 4
357 0
357 8
358 5
358 9
359 3
359 8
359 9
360 3
360 4
360 6
360 7
360 9
361 3
361 6
361 8
361 9
362 3
362 5
362 8
363 7
363 8
363 9
364 0
364 5
364 7
364 8
364 9
365 0
365 3
365 6
365 8
365 9
366 4
366 5
366 8
366 9
367 8
368 3
369 0
370 3
370 7
370 9
371 0
371 3
371 5
371 6
371 8
371 9
372 0
372 3
372 4
372 5
372 6
372 8
372 9
373 3
373 6
373 7
373 9
374 8
375 0
375 4
376 1
376 8
377 0
377 4
377 7
377 9
378 0
378 3
378 9
379 3
379 7
379 9
380 0
380 3
380 7
381 0
381 3
381 5
381 7
381 9
382 3
382 4
382 5
382 6
382 7
382 8
383 0
383 7
383 8
384 0
384 4
384 9
385 5
385 9
386 5
386 9
387 3
387 5
387 8
388 0
388 3
388 8
389 3
390 3
390 4
390 5
391 7
391 9
392 0
392 3
392 5
392 8
393 3
393 7
394 3
394 8
394 9
395 3
395 5
395 7
396 8
397 7
398 0
398 3
399 3
399 4
399 6
399 7
400 7
400 8
400 9
401 3
401 5
401 7
402 3
403 6
403 7
403 8
403 9
404 0
404 3
404 6
404 7
404 8
405 0
405 5
405 9
406 0
406 3
406 5
406 9
407 8
407 9
408 1
408 3
408 7
408 8
408 9
409 5
409 6
409 8
409 9
410 0
410 8
411 3
411 7
411 8
412 3
412 4
412 5
412 8
412 9
413 8
413 9
414 0
414 3
414 6
414 8
414 9
415 2
415 4
415 9
416 3
416 7
416 8
416 9
417 3
417 8
418 0
418 3
418 8
419 0
419 3
419 6
419 8
420 3
420 7
420 9
421 5
421 6
421 7
422 3
422 8
422 9
423 0
423 3
423 5
424 3
425 3
425 5
425 8
425 9
426 3
427 8
428 4
428 8
428 9
429 8
430 6
430 8
430 9
431 3
431 5
431 8
432 8
433 0
433 6
433 9
434 0
434 3
434 6
434 8
435 3
435 6
435 8
436 3
436 5
436 9
437 8
437 9
438 3
438 8
439 1
439 3
439 6
439 8
439 9
440 3
440 8
441 0
441 3
441 4
442 3
442 4
443 6
443 8
443 9
444 3
444 8
445 7
446 3
446 5
446 8
447 5
447 7
447 8
447 9
448 3
448 5
448 8
449 3
449 5
449 7
449 9
450 1
450 8
450 9
451 0
451 5
451 7
451 8
452 6
452 7
452 8
453 5
453 9
454 3
454 4
454 5
455 0
455 4
455 8
456 3
456 6
456 8
457 0
457 3
457 5
457 8
458 0
458 7
458 8
458 9
459 3
459 9
460 7
460 8
460 9
461 0
461 8
462 3
462 8
462 9
463 8
464 0
465 5
465 7
466 0
466 3
466 7
466 9
467 0
467 4
467 8
468 0
468 3
468 4
468 9
469 4
470 0
470 3
470 4
470 9
471 3
471 5
471 8
472 6
472 7
472 9
473 3
473 4
473 8
473 9
474 3
474 5
474 6
475 3
476 3
476 4
476 9
477 8
478 0
478 8
479 3
479 4
479 6
479 8
480 3
480 8
481 3
481 7
481 8
481 9
482 4
482 8
483 1
483 3
483 4
483 8
483 9
484 4
484 6
484 9
485 3
485 4
485 8
486 7
486 8
487 6
487 8
488 3
488 7
488 9
489 3
489 4
489 9
490 3
490 4
490 7
490 9
491 6
491 8
492 0
492 1
492 3
492 7
492 8
493 3
493 7
493 8
494 0
494 3
494 5
494 9
495 3
495 6
495 8
496 3
496 6
496 8
497 3
497 5
498 3
498 8
498 9
499 3
499 4
499 6
499 7
499 8
499 9
500 0
500 3
500 7
500 8
500 9
501 0
501 4
501 8
502 9
503 0
503 3
503 4
503 7
504 7
504 8
505 3
505 7
505 8
505 9
506 0
506 3
506 8
507 3
507 4
507 7
507 8
507 9
508 5
508 7
509 3
509 7
509 9
510 5
510 9
511 0
511 8
511 9
512 8
513 3
513 5
513 8
513 9
514 4
514 7
515 7
515 8
516 5
516 9
517 0
517 7
517 8
517 9
518 8
518 9
519 0
519 5
519 8
519 9
520 0
520 3
520 4
520 5
521 0
521 4
521 7
521 9
522 0
522 4
523 3
523 6
523 7
523 8
523 9
524 3
524 5
524 8
524 9
525 3
526 3
526 8
527 8
528 8
529 0
529 8
530 8
531 3
531 6
531 8
532 0
532 3
532 8
532 9
533 0
533 5
533 8
534 3
535 9
536 9
537 3
537 7
537 9
538 3
539 0
539 5
539 6
540 3
540 5
540 9
541 3
541 6
541 8